28839,16674,88793
29162,10607,47022
58380,29471,46772
53949,83540,13930
11183,17766,11176
61373,81011,98751
36175,72813,59266
30426,67953,50954
41695,95037,84822
57428,4118,78998
1258,10335,99516
86005,23974,12506
80772,13542,99369
69551,59998,38336
920,52747,91976
74046,84159,36322
23002,52101,58177
31406,81158,78225
15310,4035,36063
52990,99872,95028
19706,36855,27077
12575,52169,37052
25335,89999,41693
95439,29383,51917
45307,39806,4155
10809,59705,4175
6328,86726,20388
31359,63508,57453
86483,99542,62061
71769,78077,97079
20783,99905,68899
40335,96531,22526
59642,49413,22350
31307,13092,78503
41716,3182,2052
30579,42802,28334
42608,60962,52744
95019,79410,8181
58043,27148,85002
52305,27711,12276
93227,36179,30343
66394,26566,40388
24988,39612,1029
52179,33777,44904
9765,36804,57491
75650,40572,8689
4449,91079,73396
12525,69643,80364
15144,90763,21475
43387,51638,15308
44636,40643,54413
55356,11885,96922
54878,99963,47153
87953,54817,38749
25486,79745,52565
65144,79824,24818
33655,17594,44124
84451,66342,31077
20483,42652,1866
76360,73922,95444
60309,11479,11660
42553,71880,29425
18726,20371,84504
29874,93802,2746
69005,69550,48367
55440,87576,5651
9319,71625,7443
66170,56286,88619
65080,88377,55837
3762,25398,16688
47635,72158,50957
50293,33964,97680
47601,61891,11199
76450,91507,56306
17333,38906,58156
12636,6314,70948
63502,18502,70887
99484,21793,99104
39389,64654,11095
7800,57112,96094
87395,46229,13760
78631,79784,39322
99323,62842,44115
99284,11259,16097
19940,69970,16140
51984,77417,72182
4283,41791,17248
46805,1901,36070
90094,67670,3026
81678,82926,23052
4089,48364,11583
23420,14193,6451
2692,14925,40670
64925,17822,70885
24664,67881,149
6886,7827,1340
23483,54873,26438
15772,17711,25598
51669,69871,88535
50900,67651,35035
56071,93540,16298
18655,1950,34729
48513,7420,41917
42081,34984,53573
66723,3839,80733
20435,12775,10812
1244,25584,12520
24175,94365,17226
17777,85013,42243
51518,4827,77147
6885,5471,33589
26368,18219,24751
2900,11631,65982
20809,85884,33364
88516,63642,42624
63658,39697,70886
48466,27321,17352
40290,85036,92503
55372,69770,64512
97560,40554,29866
76372,96032,82382
9331,97409,54972
78309,21724,11348
10466,12639,4121
72248,37051,58336
37419,77779,70129
17601,89321,13286
79507,8915,7962
87712,1282,50859
47577,17566,19570
91872,72848,67899
50791,21303,89777
30351,24409,71865
76792,90777,5193
83455,17366,4144
44383,60208,56605
76003,38588,78811
49254,29824,75339
29021,30279,82178
38883,14777,5168
25768,76758,64599
23094,38540,1003
86331,99017,58826
33275,17698,91440
37242,43031,29584
10866,49642,65952
12795,34073,18223
96606,46087,74111
84019,96650,98432
12600,30747,46474
52151,35709,11938
43949,56387,38313
48362,45714,88304
21545,66271,82270
38658,20810,47329
12993,70673,66559
74406,27244,68191
15378,32488,26055
78228,49741,67676
19775,21763,50730
9101,61740,47697
7837,15891,68925
11585,66446,54360
96954,91389,88406
27259,79400,95967
40350,38071,77312
62269,42832,57553
33310,78787,40042
78438,80566,65309
52927,66687,17820
2483,89960,95932
50507,54505,30992
45654,90427,12
5580,45890,53641
60863,32475,12328
51818,47397,9740
68810,15753,68290
72858,40713,52582
50453,12604,96216
28381,91487,45923
44963,94576,6752
6372,89533,76248
12804,99266,86873
291,7063,98623
69568,25868,3453
34744,13511,14315
79255,84067,15019
32817,88581,66462
60299,69835,32060
33428,69840,70592
15387,87005,74060
82,26083,60395
1344,57489,48806
63775,20438,99720
85140,12764,93612
59601,50264,11632
40564,44438,62224
22288,44073,77841
91546,65487,12974
58280,91324,39288
55023,84773,18064
7037,58510,77807
88830,72652,76447
63092,3629,83534
98298,99711,16411
53666,61645,11746
32286,93308,37900
14262,81005,42933
42973,27982,1860
2690,4326,20803
26979,3711,21453
43999,68551,2048
6861,93498,70508
72052,91026,95444
42293,4860,27491
15607,36895,64461
85944,25621,98468
43033,72228,28791
87804,77096,48027
84092,93252,14143
30741,50346,67279
47084,59518,61262
56979,91832,98413
95652,52936,66151
76766,11529,92803
19282,12366,5797
71882,59486,30151
56810,26386,67508
40896,21010,29644
68676,26478,29494
36384,55159,44483
59427,4828,6538
1493,9272,45268
94562,95663,57630
82215,83791,22210
31883,65301,49971
5015,4559,32673
42790,31424,99413
75474,68251,50927
53569,99496,71895
60092,1626,51782
69723,51975,28799
17737,15580,7171
65647,85415,67416
52444,51421,75529
39986,1072,87458
1300,16686,13908
99037,24654,61411
12056,62689,32845
83978,18772,77113
61257,96072,80693
26604,17867,63450
95286,25248,27110
43507,63953,33507
55341,63220,67780
3036,26773,73089
77504,54363,2998
29231,20728,369
16696,43417,30536
48074,1683,74009
40759,95248,98531
47672,7659,66653
84054,30047,66818
38540,40859,44578
51391,87435,62329
53106,35435,79550
61014,4220,38310
26492,92665,59432
55411,58938,21882
70711,22072,76612
82212,92679,84243
86157,37265,19608
37355,30445,38934
81300,7196,87500
33848,66952,20181
94855,64031,65192
39165,57781,87780
68954,2117,76061
52120,41630,79388
73784,39564,36601
78553,16763,95257
4780,49468,30842
92187,77825,34544
96307,83526,30575
36361,45237,14358
71389,35612,62781
57063,89270,43680
24610,3171,71281
55499,52014,92264
51684,27034,46142
8748,38139,17986
62600,98360,91994
52117,98019,87098
95134,75725,98347
59620,79827,67874
33503,26890,9727
35464,59964,83167
97508,31301,58940
90801,9832,66054
66336,2718,14501
55311,27129,22804
53222,93360,12407
44494,380,76584
35653,98966,82326
94447,25448,83182
60137,56411,36201
41289,13109,52369
64433,2962,31180
34326,45305,71576
26363,22436,18250
31513,90063,51628
9564,55512,52463
90991,97656,33346
78827,49932,19120
75873,66534,78556
83158,32854,75751
28468,82028,78202
39992,50610,86416
87260,3396,13097
69102,52284,26518
51332,6299,44884
87992,49889,13937
48423,95820,68292
12385,5178,58572
86567,6031,78768
66881,69410,68483
43518,1650,46267
46263,20857,33909
27388,16669,75980
67858,29769,43483
23031,22842,61404
78333,17120,60613
4756,18514,9565
64002,81020,92955
27272,23697,53607
47675,97068,17377
13042,7553,54947
84617,54869,21689
63175,41000,28530
50173,54617,3632
67784,17871,53490
50070,64177,69373
503,24540,74109
83580,73457,74629
49961,98217,22947
22662,6955,7124
88069,87088,13271
6187,65530,97842
62483,8660,44213
37317,28660,35244
98304,65923,47048
18132,37987,2681
21881,77372,25325
60778,59712,19832
72474,33164,17075
40042,93155,70842
48082,33955,90200
47579,36778,63352
41080,99019,3988
74311,18925,15880
25818,98014,33452
52888,84808,68372
39415,44712,72242
26867,79978,43339
56078,50898,69520
68610,41091,14266
80660,94091,51503
45635,60095,37602
20122,97509,28709
41979,37643,30905
15260,83509,530
92324,66957,38440
52239,44390,81971
41845,80240,70516
21133,46372,57543
20013,2042,3974
82559,82014,26788
63312,12966,65532
83499,75069,28719
35845,25795,91822
25020,83317,27588
17421,89336,24983
33002,21084,76725
8757,42724,65751
66804,78536,63979
79816,73536,90823
87361,11491,28351
51416,70759,70043
68333,67572,9999
66287,17768,16402
54019,93581,44124
95670,96447,31587
22772,6437,7418
38764,39852,77546
92011,20710,64468
66021,2561,3556
2063,92337,39347
2619,5614,9718
41598,93067,33179
77539,61583,62444
45135,53096,88481
44385,85721,27102
24630,2860,77796
76821,39638,99725
21095,68703,32667
42484,49979,8155
10175,70106,11380
58015,46407,2797
35184,55774,92625
6031,13077,81006
65032,13385,86182
13627,91894,19150
82873,86669,79579
6867,94678,57404
52227,79392,37220
82046,88064,19470
3861,93315,69864
45804,79878,9000
60805,60973,74444
82941,28516,76078
34598,87921,58135
68628,566,60269
3862,99779,23671
57411,32140,13666
8339,77417,57981
33262,27376,60923
89010,86106,46924
64073,84972,60519
44178,31486,49318
43889,99641,62355
74951,3504,47016
3821,19731,75670
965,3575,35223
57886,97171,39530
81608,93167,44138
26287,44613,75811
33900,85494,9440
38551,3738,96068
19788,35881,5406
98236,55210,65140
77655,76601,40836
52420,44701,57691
73582,25537,73783
18940,17486,41020
22543,62726,17136
80325,28120,81243
77013,75427,28821
47666,963,22625
43046,64794,20259
42018,43696,84229
21540,98996,77215
53777,23102,22439
60234,36470,16079
95612,1796,76085
57335,12420,11406
17675,65440,50089
61715,60330,67091
15342,36065,57658
76223,44019,45145
50257,64793,32815
90887,26456,25793
28988,69581,51939
4082,11372,78212
76182,17765,39732
38744,31413,46215
94280,13380,56635
74861,52125,10889
50799,61190,70591
99369,32220,91097
50768,46209,29535
95133,9688,11415
77851,75849,81255
18942,19759,59728
48693,75535,85896
33258,74994,64527
94837,13205,85733
55303,59740,62898
95085,50988,45896
14474,75709,37992
9568,7227,77305
63868,41417,5370
17268,92676,60622
52707,50866,41515
47743,71301,77615
19090,20548,90036
3710,57118,856
91215,37091,51943
78570,59051,66557
60105,95545,75417
64283,24896,73941
33790,42653,47210
36044,82197,1911
63740,72864,86769
80861,7844,42700
57450,94992,16778
26485,51273,36382
59701,71836,56383
8421,75541,20285
65980,47047,73819
54046,28627,61767
58945,21508,74957
24114,67884,46203
32570,26366,80757
5830,99443,44784
9837,24451,76395
51525,50920,51699
14552,95414,5426
56025,47852,16876
81860,13651,23347
37140,81603,62906
65640,89906,81564
36333,76049,19982
80821,15501,64608
9806,60823,50299
94403,64316,70380
83851,16234,67203
34090,53638,28335
48458,62910,40354
84739,82331,30534
89146,28704,75660
51534,77633,58800
45170,34770,85383
67354,6389,86477
77931,78942,70270
45142,41794,73641
32449,58575,46291
1544,36268,71574
3018,85219,38426
9598,98779,1761
25500,94661,85585
30147,42821,59289
79150,19782,52640
73044,91349,67168
36418,24667,62597
97469,72998,17040
66381,11590,38596
8416,93605,35726
90834,43104,41436
65223,73662,50082
96449,26911,46011
85889,20714,50647
28774,66314,91481
81114,43301,72512
69297,22367,92576
54520,48125,70320
2864,57087,86477
90485,89451,98094
6372,60266,52651
72665,42120,46057
18067,90770,2553
86243,53942,82450
96293,21582,74949
92639,42342,56129
49729,2441,18565
54931,93845,41070
74136,31617,52343
23680,72684,50502
59894,65987,29384
34841,47498,63972
896,12924,73091
26727,24788,69200
11977,47032,38528
46013,25866,39662
26818,93175,66675
46881,53171,87491
44672,59870,26203
26646,60596,537
458,84406,41805
46370,9941,34327
58973,74163,9838
32423,31757,41456
28756,38533,3449
89576,4950,58464
2934,37459,86007
770,52177,91358
22741,73302,86652
48588,40762,44917
60047,51909,53497
80184,11567,9802
9909,22207,338
43041,90787,67075
5643,32576,66388
98743,60846,12266
62879,54752,22318
83460,8483,80043
69909,89447,15331
20705,22689,15485
18508,73851,20706
15292,28195,69720
41333,74750,38387
32457,65860,26922
80727,75980,99842
24969,64263,8780
48602,57813,21435
78681,9149,81227
2642,6715,21579
9438,62028,73398
19442,20922,36521
5502,79942,30184
90028,4821,34749
44615,21549,90371
1414,93475,86749
32983,8181,92428
69431,27247,42783
1497,44829,14733
73412,82676,78693
77994,89664,53497
2684,14952,48118
28561,41293,64536
94302,8407,51987
37906,65907,6058
87725,55047,64862
40312,28697,48113
54710,91525,32927
63579,88844,32342
68160,32253,81630
61110,50628,25583
83159,79576,90469
38877,26946,45667
34768,36172,63860
74862,83524,21083
33254,64716,3171
15380,19660,32704
68134,98790,99657
20863,60860,95233
55087,65940,62025
51913,55474,22126
68263,7170,41519
67452,7760,53462
53094,13812,52980
85125,77278,64918
93335,52489,65428
43822,62892,89580
11644,10448,73642
20793,59823,55726
83081,893,31822
38914,95962,84436
47350,2431,29370
26462,46810,78911
43346,71378,74054
99967,87254,15572
27572,28443,35965
19897,29074,95696
86567,78205,79040
13866,72451,8994
93440,8114,89428
59690,26227,35013
50725,91581,42922
6530,21872,31721
94059,62070,80975
34043,48468,37990
97992,22128,48571
90472,92240,91586
88593,76147,69533
20702,45662,78958
38391,77860,99476
62172,83553,66445
2921,92859,29377
19403,40600,31323
46132,42816,69813
49848,49225,20761
46415,70487,71036
81848,22092,18531
73540,4484,67855
31754,38857,5472
47321,51681,66173
31725,81398,35009
4319,12917,20229
45332,17223,53769
57972,28578,67304
56793,88894,2566
82691,92615,39146
41088,66609,37234
5808,46574,99877
99563,63860,50034
64486,83446,41433
71376,82006,94810
25381,12906,64780
85072,12159,40585
40564,48148,15198
55300,47777,81960
39361,44695,44520
21142,28272,87093
10837,20258,31823
5594,1829,54520
62353,22516,75472
35179,49837,73336
40531,51036,42979
12914,58749,26372
66076,94719,74277
73660,45345,61997
9687,50489,85676
45745,60257,51750
67410,25952,10842
96272,63700,5398
70688,31276,41458
84804,60512,58089
43576,28244,19849
84920,17068,46084
26083,48233,41397
81694,68822,77506
59531,80072,95289
13034,51929,5288
97700,55713,85972
15301,60891,84850
98149,7424,8264
94360,32318,84189
79296,48670,38594
19521,12104,21213
2533,47001,71976
79620,50726,90847
32122,22134,50070
94201,63270,12340
99271,50001,50949
62260,32976,15843
44046,25845,80596
90215,74221,54832
98074,22316,34353
82250,20965,39533
84664,82429,41573
87517,69583,83857
56594,58960,86515
7626,50516,23858
92384,71229,4904
90594,65338,38344
39686,57913,80120
4387,19502,69689
23935,72205,34540
15993,53688,5389
7058,36948,510
51719,96445,32951
37813,59031,43104
4618,61444,64768
67381,61953,72821
98364,91436,741
59075,83272,35079
75803,85251,47000
11838,19540,10195
27155,89120,84852
52722,43187,48295
29171,75432,14507
85453,91128,15949
80725,81486,54208
90024,86572,67755
98222,66928,58170
49059,36258,88309
26953,73826,43070
69728,68868,68611
42964,5801,68393
63145,27962,50896
96149,7722,78223
87287,95053,37710
8944,30208,307
33004,44533,77204
3334,92501,40239
49260,97037,35856
22197,19367,80130
24128,83397,95380
30595,76448,59496
47175,93843,46676
64584,11393,39148
9446,12943,2526
70461,12302,3750
27936,94726,55068
37397,81921,44780
10744,45392,54405
75596,57314,2080
92192,16969,95021
27519,427,379
88452,67409,80013
37722,67135,5895
29224,7230,83795
31953,35585,7710
37971,86287,35645
96001,59106,86745
26664,18373,47718
40128,69529,22244
51213,24201,48521
80915,18868,44374
32697,38798,96934
30785,90334,81150
84150,65244,87060
7554,47005,62304
90387,88576,78048
74615,68965,70476
86689,26472,19922
62764,16129,79192
58468,61269,40329
2515,32110,77553
77575,23913,69122
30604,60970,85499
74763,14138,88025
90490,56406,52434
70798,29080,93289
57816,72190,49644
91028,76676,23269
74542,43803,69982
94442,3615,96300
95436,96893,73358
50500,14935,85968
70854,64399,25565
61871,28559,71466
23141,1999,47209
30246,89041,37943
52080,22567,11571
2167,99436,25535
75164,46015,42951
70743,6396,40892
37903,76448,28218
666,14050,81604
50768,65547,47364
94822,60653,76242
77611,4665,43435
30243,87825,16291
29124,98054,80933
88377,1899,79133
94776,6539,78851
59377,90569,90881
80536,53022,21301
49553,82262,51344
39743,43515,20006
83138,83683,64589
259,12830,85774
76148,27834,51308
93331,58423,69568
43057,59630,6094
41718,76694,32138
69981,72837,70933
28048,25636,6882
35847,55870,5514
79475,42035,30201
97169,6694,35033
90713,94244,54761
66649,95496,79453
21861,31642,21805
16781,22272,70443
96867,63697,57587
44902,59402,71547
30459,3109,44766
93976,70443,5258
8289,48158,18027
89698,81111,82903
47059,66430,59047
70813,94731,54422
89537,10541,35315
44545,66073,59746
54345,7281,98557
12200,5333,54643
76473,34178,14714
60225,17652,19096
22399,86497,26465
46372,36222,31378
12749,14719,46821
98834,27441,93123
4432,3412,97257
9384,36772,13933
22563,98366,75251
25313,87508,15533
19343,62983,6569
98592,71739,85499
47365,27230,12297
66710,66403,91361
90468,38717,25785
68658,24431,35445
18369,26440,22376
39088,73199,78519
35993,38181,88666
28967,18083,17390
7870,39897,62259
21092,8529,44526
30941,41866,91750
48434,33151,52578
72573,87121,52368
18807,66871,35623
79704,34123,39587
52795,13522,21611
97906,28543,4213
44048,38624,33976
64978,85229,64347
32560,25048,74746
80139,32660,61759
66636,46552,69301
29430,83027,61804
24111,74954,51360
53980,88653,37844
97927,1716,67022
23109,81153,51035
27921,90943,66682
88506,46179,40108
27467,7416,2472
17259,37070,49975
23392,87645,17931
78075,12207,11519
14656,18849,33244
1834,68498,62134
2046,6709,15596
26932,83645,76200
39774,6245,5262
85879,16155,68927
75916,75235,79515
53239,87215,75024
19132,71549,56421
46489,40376,2913
33132,65203,60582
82320,25476,23092
98582,74470,5749
1155,944,44356
19185,78694,58155
93148,31588,56803
54992,17840,5860
15937,23941,41610
60777,85640,48029
46701,44073,97651
82326,343,73765
35622,82661,22595
43488,62443,58347
96165,95188,83851
25028,81131,95733
22741,76439,13327
41352,27805,61213
1653,76904,89050
96159,11515,34424
225,75384,58037
78536,89616,94653
1783,64512,33127
22742,73410,19960
90335,31355,73367
13228,40785,78310
33498,63314,95352
5878,63680,27847
69754,18853,76737
10802,13592,91629
16208,1284,20368
87095,45769,62697
9342,64901,76610
69819,78591,94976
54567,54158,16096
51978,36024,87919
9738,45747,98205
69076,81972,85344
42336,77431,56244
93570,8142,49999
32337,94052,65219
77085,50590,13612
34925,84588,80670
53109,18705,37465
1374,25658,22310
51119,92236,82008
16315,16447,35696
99950,22091,48206
6796,13540,58064
87264,17247,56358
50539,26103,9419
76452,35401,72705
89999,71922,90507
96312,79969,73904
25507,67116,58240
59137,25802,56887
83970,5105,32291
77805,67664,37020
20608,61733,89729
83758,22859,90689
83952,76135,24942
36449,17025,83917
10755,31956,65376
43038,10680,97753
36252,18643,15609
64925,3356,56346
4907,43377,38283
18542,92605,65918
60066,86431,51852
18767,96970,34824
34391,36299,40481
85555,56271,69415
62303,97857,89910
24402,85178,18116
48312,43149,29000
46685,2191,50624
59770,71782,62761
15446,22659,7551
40237,51779,47009
69391,44014,72631
33582,40217,88964
86644,18413,68809
72186,2775,7011
89696,65504,73650
73682,33340,55513
12150,67733,78002
50217,63804,88237
78822,49482,6336
87161,1860,55207
5496,14006,49580
14754,173,7567
41476,1171,4195
9360,97954,31246
10299,85719,37698
47573,93324,5817
16779,5900,11279
36716,60940,36640
3198,67912,66650
